0.25                    1.8                      
0.25                    2.04                     
0.3                     1.89                     
0.3                     2.04                     
0.35                    4.2                      
0.35                    4.8                      
0.35                    3.5                      
0.37                    3.78                     
0.37                    4.2                      
0.4                     1.8                      
0.4                     3.5                      
0.45                    4.02                     
0.45                    4.8                      
0.6                     10.5                     
0.68                    7.5                      
0.7                     7.56                     
0.8                     8.4                      
0.8                     9.6                      
0.9                     10                       
0.9                     10                       
1                       7.5                      
1                       22.4                     
1                       14.4                     
1                       15                       
1                       17.5                     
1.13                    24                       
1.2                     14                       
1.25                    25.2                     
1.25                    25.2                     
1.3                     26.8                     
1.3                     24                       
1.3                     24                       
1.3                     20                       
1.3                     16.8                     
1.3                     15                       
1.3                     12.6                     
1.3                     18.9                     
1.3                     18.9                     
1.4                     20                       
1.4                     25                       
1.4                     19                       
1.4                     24                       
1.4                     28                       
1.5                     28                       
1.5                     20                       
1.5                     18                       
1.5                     25.2                     
1.55                    31.5                     
1.6                     37.8                     
1.6                     25                       
1.6                     38                       
1.7                     30                       
1.7                     25                       
1.7                     30                       
1.7                     27                       
2                       36                       
2                       38                       
2.1                     60                       
2.2                     52.5                     
2.2                     50.4                     
2.3                     48                       
2.3                     48                       
2.3                     48                       
2.3                     48                       
2.3                     50                       
2.3                     45.56                    
2.3                     50.4                     
2.3                     50.4                     
2.3                     37.8                     
2.4                     50                       
2.5                     70.56                    
2.5                     40                       
2.5                     40                       
2.5                     40                       
2.6                     40                       
2.7                     30                       
2.9                     56                       
2.9                     56                       
3                       56                       
3                       56                       
3                       50                       
3.1                     60                       
3.3                     40                       
3.4                     72                       
3.4                     63                       
3.4                     60                       
3.5                     72                       
3.5                     72                       
3.8                     75.6                     
4                       80                       
4                       84                       
4                       84                       
4                       96                       
4                       96                       
4                       96                       
4                       80                       
4                       80                       
4                       80                       
4.1                     80                       
4.3                     96                       
4.7                     60                       
5                       100.8                    
5.3                     112                      
5.3                     112                      
5.6                     120                      
5.7                     144                      
5.7                     120                      
6                       144                      
6                       140                      
6.4                     160                      
6.4                     160                      
6.4                     144                      
6.4                     160                      
6.7                     126                      
7                       168                      
7.3                     192                      
7.4                     192                      
7.4                     200                      
8                       240                      
8                       240                      
8.3                     216                      
10                      240                      
10.4                    288                      
11                      280                      
11.2                    288                      
12.5                    360                      
14.5                    400                      
